1 995 true - General Store - 1931 100 1935 100 1735 100 1925 100 1923 100 1887 100 590 100 1755 100 2347 100 952 100 550 100 9003 100 1739 100 950 100 8007 5000 8008 5000 8009 5000 8010 5000 8011 5000 8013 5000 8012 5000 1592 100 1595 100 1597 100 11065 100 1759 5000
2 995 false - Weapon Store - 1323 100 1325 100 1329 100 1331 100 1333 100 4587 100 1305 100 1377 100 1434 100 3204 100 1215 100 5698 100 7158 100 8849 100 8850 100 20072 100 7459 100 7460 100 7461 100 7462 100 6746 100 21371 100
3 995 false - Lumbridge Fishing Supplies - 303 5 307 10 309 10 13431 10 313 1000 314 1000 317 0 327 0 345 0 321 0 335 0 349 0 331 0 13435 0
4 995 false - Summoning Shop - 12155 5000 12183 5000 12158 5000 12159 5000 12160 5000 12163 5000 2859 5000 2138 5000 6291 5000 3363 5000 20903 5000 6319 5000 1783 5000 3095 5000 2134 5000 3138 5000 6032 5000 10033 5000 3325 5000 12156 5000 1519 5000 2351 5000 9978 5000 2353 5000 10099 5000 2359 5000 7939 5000 1963 5000 2361 5000 1442 5000 1440 5000 1438 5000 1444 5000 2362 5000 12161 5000 1115 5000 10818 5000 1119 5000
5 995 true - Beefy Bill's Supplies - 1931 30 1929 10 1937 10 2313 10 1887 10 590 10 1735 10 1951 10 1969 10 1949 10 9703 10 9704 10 9705 10 9706 30
6 995 false - Peksa's Helmet Shop - 1139 10 1137 10 1141 10 1143 10 1145 10 1155 10 1153 10 1157 10 1165 10 1159 10 1161 10
7 995 false - Donator Potions - 23531 100000 23243 100000 23255 100000 23279 100000 23291 100000 23303 100000 23315 100000 23351 100000 23363 100000 23387 100000 23399 100000 23423 100000 23483 100000 23495 100000 23501 100000 23507 100000 23513 100000 23519 100000 23525 100000 23609 100000
8 995 true - Varrock General Store - 1931 30 1935 10 1735 10 1925 30 1923 10 1887 10 590 10 1755 10 2347 10 550 10 9003 10
9 995 false - Runecrafting Shop - 1437 999999999 7937 999999999 5509 999999999 5510 999999999 5512 999999999 5514 999999999 554 999999999 555 999999999 556 999999999 557 999999999 558 999999999 560 999999999 561 999999999 562 999999999 563 999999999 564 999999999 565 999999999 566 999999999 9075 999999999 4694 999999999 4695 999999999 4697 999999999 4698 999999999 4699 999999999
10 995 false - Magic shop - 1379 100000 1389 100000 1381 100000 1383 100000 1385 100000 1387 100000 554 999999999 555 999999999 556 999999999 557 999999999 558 999999999 560 999999999 561 999999999 562 999999999 563 999999999 564 999999999 565 999999999 566 999999999 9075 999999999 4694 999999999 4695 999999999 4697 999999999 4698 999999999 4699 999999999 15486 10000 6914 10000
11 995 false - Aubury's Rune Shop - 554 300 555 300 556 300 557 300 558 100 559 100 562 30 560 10
12 995 false - Scavvo's Rune Store - 1093 10 1079 10 1432 10 1113 10 1289 10 1303 10 1099 10 1065 10 1169 10
13 22451 false - Polypore Dungeon Shop - 22482 100 22486 100 22490 100 22470 100 22474 100 22478 100 22458 100 22462 100 22466 100 22494 100
14 995 false - Ranged Shop - 884 100000 886 100000 888 100000 890 100000 892 100000 11212 100000 9144 100000 9339 100000 9242 100000 9341 100000 9244 100000 841 100000 843 100000 857 100000 861 100000 9185 100000 1099 100000 1135 100000 1065 100000 2497 100000 2503 100000 2491 100000 10499 100000 2581 1000 2577 1000
15 995 false - Armour Shop - 4121 100 1067 100 1115 100 1153 100 1191 100 4127 100 1071 100 1121 100 1159 100 1197 100 4129 100 1073 100 1123 100 1161 100 1199 100 4131 100 1079 100 1127 100 1163 100 1201 100 11732 100 4087 100 3140 100 14479 100 11335 100 1187 100 24365 100 1540 100
16 995 false - Master Cape Shop - 19709 100000 29963 100000 29964 100000 29965 100000 29966 100000 29967 100000 29968 100000 29969 100000 29970 100000 29971 100000 29972 100000 29973 100000 29974 100000 29975 100000 29976 100000 29977 100000 29978 100000 29979 100000 29980 100000 29981 100000 29982 100000 29983 100000
17 995 false - Corporeal Shop - 13734 100 13754 100
18 995 false - Skillcape Shop - 9748 100000 9751 100000 9754 100000 9757 100000 9760 100000 9763 100000 9766 100000 9769 100000 9772 100000 9775 100000 9778 100000 9781 100000 9784 100000 9787 100000 9790 100000 9793 100000 9796 100000 9799 100000 9802 100000 9805 100000 9808 100000 9811 100000 9949 100000 12170 100000 18508 100000
19 995 false - Crafting Shop - 1755 100000 1625 100000 1627 100000 1629 100000 1623 100000 1621 100000 1619 100000 1617 100000 1631 100000 1595 100000 1609 1000 1611 1000 1613 1000 1607 1000 1605 1000 1603 1000 1601 1000 1615 1000 1712 10000 1725 10000 1727 10000 1729 10000 1731 10000 6585 10000
20 995 false - Herblore Shop - 227 2147483647 228 2147483647 233 100000 199 100000 201 100000 203 100000 205 100000 207 100000 209 100000 211 100000 213 100000 3051 100000 215 100000 2485 100000 217 100000 219 100000 221 100000 223 100000 225 100000 231 100000 235 100000 239 100000 241 100000 245 100000 247 100000 12539 100000
21 995 false - Woodcutting & Mining Shop - 1351 100000 1349 100000 1353 100000 1361 100000 1355 100000 1357 100000 1359 100000 6739 100000 952 100000 590 100000 13661 100000 1511 100000 1521 100000 1519 100000 1517 100000 1265 100000 1267 100000 1269 100000 1273 100000 1271 100000 1275 100000 15259 100000 436 100000 438 100000 440 100000 453 100000 447 100000 449 100000 2347 100000 946 100000
22 995 false - Fishing & Food - 378 100000 380 100000 372 100000 374 100000 7944 100000 7947 100000 383 100000 386 100000 301 10000 303 10000 305 10000 307 10000 309 10000 311 10000 313 100000 314 999999999 590 10000
23 995 false - Summoning Starter Ingredients - 12155 2147000000 12183 2147000000 12158 2147000000 12159 2147000000 12160 2147000000 12163 2147000000 2859 999999999 2138 999999999 6291 999999999 6319 999999999 1783 999999999 2134 999999999 137 999999999 6032 999999999 3325 999999999 12156 999999999 6010 999999999 12153 999999999 12109 999999999 12111 999999999 12113 999999999 12115 999999999 12117 999999999 12119 999999999 12121 999999999 1635 999999999
24 995 false - Summoning Intermediate Ingredients - 12155 2147000000 12183 2147000000 12158 2147000000 12159 2147000000 12160 2147000000 12163 2147000000 9978 999999999 1937 999999999 10103 999999999 10095 999999999 10099 999999999 6667 999999999 9736 999999999 7801 999999999 6287 999999999 8431 999999999 2150 999999999 7939 999999999 1963 999999999 1933 999999999 10117 999999999 14616 999999999 6979 999999999 2464 999999999
25 995 false - Summoning Master Ingredients - 12155 2147000000 12183 2147000000 12158 2147000000 12159 2147000000 12160 2147000000 12163 2147000000 2132 999999999 10020 999999999 5933 999999999 1442 999999999 1440 999999999 1438 999999999 1444 999999999 571 999999999 6155 999999999 10149 999999999 237 999999999 3226 999999999 10818 999999999 1119 999999999
26 995 false - Hunting Expert Shop - 10006 1500000 10008 1500000 10010 10000 11260 1000000
27 995 false - Pure Shop - 6106 20000 6107 20000 6108 20000 6109 20000 6110 20000 6111 20000 868 200000000 9185 20000 22420 20000 22421 20000 22422 20000 22423 20000 22424 20000 22425 20000 3105 20000 15126 20000 6528 20000 2412 20000 2413 20000 2414 20000 6889 20000
28 -2 false - Loyalty shop - 20958 10000 22268 10000 20962 10000 22270 10000 20967 10000 22272 10000 22280 10000 22282 10000 22284 10000 22286 10000 20966 10000 22274 10000 22288 10000 22288 10000 22290 10000 20965 10000 22276 10000 22292 10000 22294 10000 22300 10000 22296 10000 22298 10000 22302 10000 23876 5000 23874 5000 23854 50000 23846 50000
29 995 false - Barrows Shop - 4716 1000 4720 1000 4722 1000 4718 1000 4710 1000 4708 1000 4712 1000 4714 1000 4753 1000 4755 1000 4757 1000 4759 1000 4745 1000 4747 1000 4749 1000 4751 1000 4724 1000 4726 1000 4728 1000 4730 1000 4732 1000 4734 1000 4736 1000 4738 1000 4740 999999999
30 995 false - Pking Shop - 10828 1000 3753 100 3751 100 3749 100 3755 100 3486 1000 3481 1000 3483 1000 3485 1000 4091 1000 4093 1000 6918 10000 6916 10000 6924 10000 6922 10000 6920 10000 6889 10000
31 995 false - Potion Shop - 15332 100000 2436 100000 2440 100000 2442 100000 3024 100000 2444 100000 3040 100000 6685 100000 2452 100000 2446 100000 3016 100000 21630 100000 2437 100000000 2441 100000000 2443 100000000 3025 100000000 2445 100000000 3041 100000000 6686 100000000 2453 100000000 2447 100000000 3017 100000000 21631 100000000
32 995 false - Follower Shop - 22992 1000 12512 1000 12700 1000 12702 1000 12496 1000 12682 1000 12684 1000 12686 1000 12688 1000 12690 1000 12692 1000 12694 1000 12696 1000 12698 1000 12522 1000 12720 1000 12722 1000 12518 1000 12712 1000 12714 1000 12481 1000 12763 1000 12765 1000 12473 1000 12471 1000 12469 1000 12475 1000
33 18201 false - Donator Store - 13660 100 13659 100 28002 100 28003 100 28004 100 28005 100 25056 100 24354 100 24354 100 24356 100 24357 100 24358 100 24359 100 24360 100 24361 100 24362 100 24363 100 24364 100 20765 100 20766 100 20709 100 20171 100 19888 100 19747 100 18745 100 18746 100 18747 100
34 12852 false - Eos PKP Shop - 22358 1000 22359 1000 22360 1000 22361 1000 22362 1000 22363 1000 22364 1000 22365 1000 15444 1000 15443 1000 15442 1000 15441 100 19784 100
35 995 false - Shop - 4675 1000 24092 1000 24094 1000 24096 1000 24098 1000 22207 1000 22209 1000 22211 1000 22213 1000 14732 1000 14733 1000 14734 1000 6129 1000 6130 1000 6145 1000 6128 1000 15241 1000 20949 1000 20950 1000 20951 1000 20952 1000 6737 1000 6733 1000 6731 1000 15243 1000 1755 50000
36 995 false - Shop - 19368 500 19370 500 19372 500 19748 5000 10887 5000 1617 50000 1619 50000 1621 50000 1623 50000 1625 50000 1627 500 1629 25000 6571 500 18831 5000 18830 5000 6731 5000 6737 5000 892 5000 9244 5000 24376 500 24379 500 24382 5000 24388 5000 25028 5000 25028 5000 25031 5000 25034 5000 7459 5000 7460 5000 7462 5000 24094 500 24096 5000 24098 5000 24093 5000 24095 5000 21365 5000 13263 500 14637 500 22528 500 22534 500 22536 500
37 995 false - Shop - 10828 5000 12681 5000 3751 5000 12675 5000 12677 4000 7003 5000 13736 5000 11283 5000 8850 5000 20072 5000 10551 5000 10548 5000 11732 5000 22959 5000 22314 500 21482 500 23993 500 23995 5000 23997 500 25322 5000 25124 5000 22958 500 22959 6500 22961 5000 22962 5000
38 995 false - Construction Supplies - 960 500000 8778 500000 8780 50000 8782 500000 11031 50000 15292 5000 15293 500000 15295 50000 15297 5000
39 995 false - Summoning: Pouches & Scrolls - 12093 5000 12089 5000 12437 500000 12083 50000 12790 5000 12825 50000 12007 5000 12441 500000 12031 5000 12029 50000 12438 50000 12039 50000 12434 5000
40 995 false - Farming Supplies - 5341 1000
41 995 false - RuneSpan Supplies - 24227 1000000
42 -2 false - Dung Rewards - 18349 100 18351 100 18353 199 18355 199 18357 199 18359 100 18335 100
46 -2 false - Prestige Shop - 21472 100 21473 100 21474 100 21475 100 21476 100 21467 100 21468 100 21469 100 21470 100 21471 100 21462 100 21463 100 21464 100 21465 100 21466 100 18335 100 14295 100 14305 100 14315 100 14385 100
50 -2 false - Skilling Shop - 20787 100 20788 100 20789 100 20790 100 14937 100 14939 100 10933 100 10939 100 10940 100 10941 100 24726 100 24728 100 24730 100 24732 100 24734 100 24736 100 24738 100 24740 100 24742 100 24744 100 24746 100 24748 100 24750 100 24752 100 24754 100 24756 100 24758 100 24760 100 24762 100
60 995 false - PK Melee - 1079 100 1093 100 1127 100 10828 100 1163 100 11732 100 1215 100 1231 100 5698 100 4587 100 6585 100 6737 100 8844 100 8845 100 8846 100 8847 100 8849 100 8850 100 17273 100 20072 100 7462 100
61 995 false - PK Mage - 4089 100 4091 100 4093 100 4095 100 4097 100 4099 100 4101 100 4103 100 4105 100 4107 100 4109 100 4111 100 4113 100 4115 100 4117 100 4675 100 6731 100 15486 100 6914 100
62 995 false - PK Ranger - 10499 100 1065 100 1099 100 1135 100 2489 100 2495 100 2501 100 861 100 859 100 892 10000000 11235 100 11212 10000000 6733 100 2581 100 2577 100
63 995 false - Bones Shop - 526 100000 532 100000 534 100000 536 100000
64 995 false - LRC Supplies - 307 100 15263 1000000
65 18201 false - Donator Stuff #2 - 2639 100 2641 100 2643 100 9005 100 2633 100 2635 100 2637 100 7319 100 7321 100 7323 100 7325 100 7327 100 8839 100 8840 100 8842 100 19711 100 19785 100 19786 100 10330 100 10332 100 10334 100 10336 100 10338 100 10340 100 10342 100 10344 100 10346 100 10348 100 10350 100 10352 100
66 -2 false - Slayer Shop - 13281 100 10551 100 13263 100 15497 100 22532 100 22538 100 22544 100 22550 100
67 995 false - Full Helmet Store - 1153 100 1155 100 1157 100 1159 100 1161 100 1163 100 1165 100 11335 100 3749 100 3751 100 3753 100 3755 100
68 995 false - Platebody Store - 1115 100 1117 100 1119 100 1121 100 1123 100 1125 100 1127 100 14479 100
69 995 false - Platelegs/Skirt Store - 1067 100 1069 100 1071 100 1073 100 1075 100 1077 100 1079 100 4087 100 1081 100 1083 100 1085 100 1087 100 1089 100 1091 100 1093 100 4585 100
70 995 false - Gloves/Boots Store - 12985 100 12988 100 12994 100 13000 100 13006 100 4119 100 4121 100 4123 100 4125 100 4127 100 4129 100 4131 100 11732 100 7453 100 7454 100 7455 100 7456 100 7457 100 7458 100 7459 100 7460 100 7461 100 7462 100
71 995 false - Jewelry Store - 1478 100 1704 100 1725 100 1727 100 1729 100 1731 100 6585 100 6731 100 6733 100 6735 100 6737 100 2550 100 2570 100
72 995 false - Defenders Store - 8844 100 8845 100 8846 100 8847 100 8849 100 8850 100 17273 100 20072 100
73 995 false - Melee Weapons #1 - 1203 100 1205 100 1207 100 1209 100 1211 100 1213 100 1215 100 1277 100 1279 100 1281 100 1283 100 1285 100 1287 100 1289 100 1291 100 1293 100 1295 100 1297 100 1299 100 1301 100 1303 100 1305 100 1307 100 1309 100 1311 100 1313 100 1315 100 1317 100 1319 100
74 995 false - Melee Weapons #2 - 1321 100 1323 100 1325 100 1327 100 1329 100 1331 100 1333 100 4587 100 1420 100 1422 100 1424 100 1426 100 1428 100 1430 100 1432 100 1434 100
75 995 false - Ranged Shop - 23043 100 884 100000 886 100000 888 100000 890 100000 892 100000 11212 100000 9144 100000 9339 100000 9242 100000 9341 100000 9244 100000 841 100000 843 100000 857 100000 861 100000 9185 100000 1099 100000 1135 100000 1065 100000 2497 100000 2503 100000 2491 100000 10499 100000 2581 1000 2577 1000
76 995 false - Magic Gear #1 - 4675 1000 1379 100 1389 100 1381 100 1383 100 1385 100 1387 100 554 999999999 555 999999999 556 999999999 557 999999999 558 999999999 560 999999999 561 999999999 562 999999999 563 999999999 564 999999999 565 999999999 566 999999999 9075 999999999 4694 999999999 4695 999999999 4697 999999999 4698 999999999 4699 999999999
77 995 false - Magic Gear #2 - 577 100 579 100 1011 100 2579 100 25873 100 4089 100 4091 100 4093 100 4095 100 4097 100 22458 100 22462 100 22466 100 21477 100 21478 100 21479 100 6916 100 6918 100 6920 100 6922 100 6924 100 21736 100 21752 100 21760 100
78 995 false - Ranged Armours - 1065 100 1099 100 1135 100 2487 100 2493 100 2499 100 2489 100 2495 100 2501 100 2491 100 2497 100 2503 100 25794 100 25796 100 25798 100 25800 100 1059 100 1061 100 1063 100 1095 100 1129 100 1131 100 1167 100